episodes: 34
mean_reward: -2137.508823529412
mean_interventions: 167.88235294117646
total_interventions: 5708.0
